# Number of parameters = 159 Objective function value = 6162.36714434521  Maximum gradient component = 0.000118730056022034
# lnR:
9.00835385158
# sel_a50:
0.934012069287
# sel_slp:
0.600718250768
# M:
0.252207482701
# F_annual:
 0.190703308128 0.200683561591 0.216027471865 0.216459815981 0.196833947632 0.178184112087 0.182867621287 0.175463208072 0.162708057175 0.116784054900 0.155989819621 0.162261114791 0.194269859105 0.170450969336 0.197352862177 0.192399721221 0.204231077548 0.215073561345 0.223973111728 0.218874006541 0.212647491848 0.177321658871 0.181157693899 0.196229495838 0.191139932727 0.187955809655 0.193081781349 0.210950373771 0.242530788520 0.255407600745 0.217020748326 0.175333320668 0.159705090960 0.214412907791 0.202933633121 0.186977796417 0.166418742074 0.155531332046 0.153486626386 0.158834692752 0.176904086507 0.198706731195 0.221898536889 0.250903012168 0.178434878183
# init_dev:
 -0.199107251941 -0.101516053282 -0.0630335803805 -0.0575371269492 -0.00739594906002 -0.00785619654978 0.0134398581607 0.0402374882175 0.0721673192004 0.0511661733928 0.0605388977965 0.0657553181676 0.0670331175507 0.0661079856757
# catchability:
1.00000000000
# q_rw:
 0.0770308280546 0.149282873908 0.134581139972 0.128865618765 0.120204286445 0.136086725234 0.175391380405 0.173018142145 0.145829287737 0.0844884221995 0.0478181089707 0.0348030276119 -0.00265134404656 -0.0493678056920 -0.114598463835 -0.135647162333 -0.157462496358 -0.109830248140 -0.0882215845455 -0.0969753241416 -0.0853414973896 -0.0558673369431 -0.110048595193 -0.103889830551 -0.116353673330 -0.0782816207752 -0.0894484990855 -0.103295496484 -0.0859614077216 -0.0803284092567 -0.0392320472161 0.0274735309875 0.105553689200 0.0860165220522 0.0315418274400 0.00419594761882 -0.0237032171780 0.0424241651381 0.00624576840403 0.0156547679270
# rec_dev:
 -0.643139018545 0.285023917909 -0.365495422202 0.394440268129 0.201688625033 0.768534398434 -0.665263806270 0.656177987023 0.252806275878 0.348842242456 -0.601234740525 -0.391967768018 0.758189897931 -0.0813276517693 -0.281879462063 0.393840216667 -0.685663009851 -0.964843938128 -0.107661160821 0.496415890602 0.115023769719 0.656559109975 0.500272281884 0.725674661350 0.419854406110 -0.121548491674 -0.831285666305 -0.978419457654 -0.435930029427 0.129632330066 -0.722213171453 0.650059437274 0.193912207684 0.0764741174551 0.302952688604 1.19310713352 0.853340224519 -0.192083260867 -1.05479313661 -0.902641117402 -0.644191633542 0.572979494449 -1.15690262282 -0.749980211932 1.63266319521
# rec_dev_fut:
 0.00000000000 0.00000000000 0.00000000000 0.00000000000 0.00000000000 0.00000000000 0.00000000000 0.00000000000 0.00000000000 0.00000000000 0.00000000000
