ParName   Value   Gradient
lnR      9.00835  7.78106e-06
sel_a50     0.934012  6.21328e-07
sel_slp     0.600718 -1.07147e-07
M     0.252207 -3.90014e-05
F_annual(1978)     0.190703  4.61083e-06
F_annual(1979)     0.200684  5.51393e-06
F_annual(1980)     0.216027  2.76636e-06
F_annual(1981)      0.21646  2.57222e-06
F_annual(1982)     0.196834  4.59478e-06
F_annual(1983)     0.178184  3.54596e-06
F_annual(1984)     0.182868  -1.3531e-06
F_annual(1985)     0.175463 -1.84001e-06
F_annual(1986)     0.162708 -2.11102e-06
F_annual(1987)     0.116784  2.57227e-06
F_annual(1988)      0.15599  7.62587e-07
F_annual(1989)     0.162261 -4.96961e-07
F_annual(1990)      0.19427 -6.23773e-07
F_annual(1991)     0.170451 -2.25679e-06
F_annual(1992)     0.197353 -3.71517e-06
F_annual(1993)       0.1924  -9.6991e-07
F_annual(1994)     0.204231 -1.95411e-06
F_annual(1995)     0.215074 -8.41538e-07
F_annual(1996)     0.223973  2.24384e-06
F_annual(1997)     0.218874  2.74261e-06
F_annual(1998)     0.212647  1.43142e-06
F_annual(1999)     0.177322  9.21073e-07
F_annual(2000)     0.181158  6.28388e-07
F_annual(2001)     0.196229  3.33258e-06
F_annual(2002)      0.19114  1.26541e-06
F_annual(2003)     0.187956  1.11449e-06
F_annual(2004)     0.193082  9.24803e-07
F_annual(2005)      0.21095  1.05474e-06
F_annual(2006)     0.242531 -1.26988e-06
F_annual(2007)     0.255408 -8.33309e-08
F_annual(2008)     0.217021  -8.7709e-07
F_annual(2009)     0.175333 -6.42881e-07
F_annual(2010)     0.159705 -1.21762e-06
F_annual(2011)     0.214413  9.64403e-07
F_annual(2012)     0.202934 -1.58432e-07
F_annual(2013)     0.186978 -7.46087e-07
F_annual(2014)     0.166419 -1.15424e-06
F_annual(2015)     0.155531 -3.14735e-06
F_annual(2016)     0.153487  -4.1667e-06
F_annual(2017)     0.158835 -4.72711e-06
F_annual(2018)     0.176904 -4.06635e-06
F_annual(2019)     0.198707 -1.75742e-06
F_annual(2020)     0.221899  6.70743e-07
F_annual(2021)     0.250903  3.61538e-06
F_annual(2022)     0.178435  4.15606e-06
init_dev(2)    -0.199107  5.96932e-05
init_dev(3)    -0.101516   4.8135e-05
init_dev(4)   -0.0630336  3.40193e-05
init_dev(5)   -0.0575371  2.36264e-05
init_dev(6)  -0.00739595  1.27947e-05
init_dev(7)   -0.0078562  2.05317e-06
init_dev(8)    0.0134399 -2.53448e-06
init_dev(9)    0.0402375 -1.30865e-05
init_dev(10)    0.0721673 -1.72268e-05
init_dev(11)    0.0511662 -2.24971e-05
init_dev(12)    0.0605389 -2.83453e-05
init_dev(13)    0.0657553 -3.12559e-05
init_dev(14)    0.0670331 -3.35074e-05
init_dev(15)     0.066108 -3.59989e-05
q_rw(1)    0.0770308  3.37685e-06
q_rw(2)     0.149283  5.77386e-07
q_rw(3)     0.134581 -2.60696e-06
q_rw(4)     0.128866 -2.41332e-06
q_rw(5)     0.120204 -3.01953e-06
q_rw(6)     0.136087 -2.35629e-06
q_rw(7)     0.175391  1.18271e-08
q_rw(8)     0.173018 -2.32152e-06
q_rw(9)     0.145829 -3.25134e-06
q_rw(10)    0.0844884  4.72435e-06
q_rw(11)    0.0478181  -3.5064e-07
q_rw(12)     0.034803   -4.103e-08
q_rw(13)  -0.00265134  7.44641e-06
q_rw(14)   -0.0493678  3.06446e-06
q_rw(15)    -0.114598  3.57377e-06
q_rw(16)    -0.135647  4.76213e-06
q_rw(17)    -0.157462  1.99127e-06
q_rw(18)     -0.10983  -1.0643e-06
q_rw(19)   -0.0882216  6.74501e-06
q_rw(20)   -0.0969753 -1.40794e-06
q_rw(21)   -0.0853415  1.43639e-06
q_rw(22)   -0.0558673  1.21759e-05
q_rw(23)    -0.110049  3.12961e-07
q_rw(24)     -0.10389 -1.33967e-05
q_rw(25)    -0.116354  7.27661e-06
q_rw(26)   -0.0782816  7.73107e-07
q_rw(27)   -0.0894485 -1.12011e-05
q_rw(28)    -0.103295  1.96299e-06
q_rw(29)   -0.0859614 -2.02485e-06
q_rw(30)   -0.0803284 -1.45273e-06
q_rw(31)    -0.039232  6.75949e-07
q_rw(32)    0.0274735 -1.25086e-05
q_rw(33)     0.105554 -1.38457e-05
q_rw(34)    0.0860165 -1.76586e-06
q_rw(35)    0.0315418 -9.30776e-06
q_rw(36)   0.00419595 -3.76349e-07
q_rw(37)   -0.0237032  1.65045e-05
q_rw(38)    0.0424242  3.05242e-06
q_rw(39)   0.00624577 -3.49856e-06
q_rw(40)    0.0156548  9.17088e-06
rec_dev(1978)    -0.643139   0.00011873
rec_dev(1979)     0.285024  1.76221e-05
rec_dev(1980)    -0.365495 -2.56403e-06
rec_dev(1981)      0.39444  4.35845e-06
rec_dev(1982)     0.201689 -6.70584e-06
rec_dev(1983)     0.768534 -1.48786e-05
rec_dev(1984)    -0.665264 -4.87919e-06
rec_dev(1985)     0.656178  6.67468e-07
rec_dev(1986)     0.252806 -3.06616e-06
rec_dev(1987)     0.348842 -6.39706e-06
rec_dev(1988)    -0.601235  -1.3071e-07
rec_dev(1989)    -0.391968  2.57881e-06
rec_dev(1990)      0.75819  1.08201e-05
rec_dev(1991)   -0.0813277  5.43779e-06
rec_dev(1992)    -0.281879    9.122e-06
rec_dev(1993)      0.39384   2.0173e-05
rec_dev(1994)    -0.685663  5.87851e-06
rec_dev(1995)    -0.964844  8.26221e-07
rec_dev(1996)    -0.107661  5.32486e-06
rec_dev(1997)     0.496416   7.9099e-06
rec_dev(1998)     0.115024  8.62599e-07
rec_dev(1999)     0.656559 -1.85566e-06
rec_dev(2000)     0.500272 -6.62517e-06
rec_dev(2001)     0.725675 -1.77607e-05
rec_dev(2002)     0.419854 -1.97019e-05
rec_dev(2003)    -0.121548 -1.38044e-05
rec_dev(2004)    -0.831286  -9.1295e-06
rec_dev(2005)    -0.978419 -8.92847e-06
rec_dev(2006)     -0.43593 -1.19217e-05
rec_dev(2007)     0.129632  -1.8182e-05
rec_dev(2008)    -0.722213 -8.28465e-06
rec_dev(2009)     0.650059 -2.24553e-05
rec_dev(2010)     0.193912 -1.71754e-05
rec_dev(2011)    0.0764741  -1.1248e-05
rec_dev(2012)     0.302953 -1.39898e-05
rec_dev(2013)      1.19311 -1.83744e-05
rec_dev(2014)      0.85334 -1.96467e-06
rec_dev(2015)    -0.192083  2.99747e-06
rec_dev(2016)     -1.05479  1.16416e-06
rec_dev(2017)    -0.902641  2.42973e-06
rec_dev(2018)    -0.644192  9.03745e-06
rec_dev(2019)     0.572979  1.25707e-05
rec_dev(2020)      -1.1569  1.16746e-07
rec_dev(2021)     -0.74998   6.9703e-07
rec_dev(2022)      1.63266  4.95539e-06
rec_dev_fut(2023)            0            0
rec_dev_fut(2024)            0            0
rec_dev_fut(2025)            0            0
rec_dev_fut(2026)            0            0
rec_dev_fut(2027)            0            0
rec_dev_fut(2028)            0            0
rec_dev_fut(2029)            0            0
rec_dev_fut(2030)            0            0
rec_dev_fut(2031)            0            0
rec_dev_fut(2032)            0            0
rec_dev_fut(2033)            0            0
