# Styr      
1978        
# endyr     
2019        
# RecAge      
1       
# Terminal  Age   
15        
#++++++++++++++++++++++++++++++++++++++++++++++++++++++++++++++++++++++++++++++++       
# Recruitment variability ~cv 
0.9       
#       
# Prior on  Fishing Mortality rate
# mean, CV    
0.2       
5       
# Regularizing penalty on F (~CV)                       
0.6                         
#                         
# Estimate  M in  this  phase (negative means just  fix at  prior)    
-5                          
# Prior on  natural mortality rate                
# mean, CV                      
0.3                         
0.1                         
#                         
# Estimate  selectivity parameters  in  this  phase (negative means just  fix at  prior mean)
3                         
# Prior on  selectivity slope,  CV                  
0.6                         
.2                         
# Prior on  selectivity age@50% selected, CV              
4                           
.25                           
#                           
# Estimate  q in  this  phase (negative means just  fix at  prior)      
-2                           
# Prior on  q,  cv                    
1                           
0.1                           
# Estimate  random  walk  in  index catchability                
4                           
# Random  walk  penalty (like cv  in  how much  they  can change  within  a year)
0.03                            
# Number  of  years to  project into  the future....            
10                            
# Fishing mortality for projection  (as a fraction  of  M)          
0.75                            
#++++++++++++++++++++++++++++++++++++++++++++++++++++++++++++++++++++++++++++++++                                             
# avg wt  at  age...                                      
0.084881666	0.195868126	0.313762788	0.459295544	0.588623602	0.697818331	0.796798739	0.914861263	1.056957011	1.147231476	1.290106451	1.387917889	1.43166676	1.407002719	1.522866931
# Maturity at age
0	0.008	0.289	0.641	0.842	0.901	0.947	0.963	0.97	1	1	1	1	1	1
# Catch in  weight                                        
979.431	935.714	958.28	973.502	955.964	981.45	1092.055	1139.676	1141.993	859.416	1228.721	1229.6	1455.193	1195.64363	1390.29935	1326.60232	1329.35166	1264.24689	1192.78109	1124.43305	1102.15914	989.68031	1132.70985	1387.19702	1480.77388	1490.779227	1480.551669	1483.021809	1488.031045	1354.501789	990.578068	810.784346	810.2065048	1199.041168	1205.212137	1270.76509	1297.41948	1321.580583	1352.659289	1359.273639	1373.859376 1390
# CV  in  catch weight                                      
0.03 0.03 0.03 0.03 0.03 0.03 0.03 0.03 0.03 0.03 0.03 0.03 0.03 0.03 0.03 0.03 0.03 0.03 0.03 0.03 0.03 0.03 0.03 0.03 0.03 0.03 0.03 0.03 0.03 0.03 0.03 0.03 0.03 0.03 0.03 0.03 0.03 0.03 0.03 0.03 0.03 0.03 
# Number  of  years catch-age data  available                                 
27                                             
# Catch-age years                                         
1991	1992	1993	1994	1995	1996	1997	1998	1999	2000	2001	2002	2003	2004	2005	2006	2007	2008	2009	2010	2011	2012	2013	2014	2015	2016	2017
# Catch-age values                                          
# Catch at  age matrix  1978-2017                                   
389.574	113171.246	44377.118	88939.243	151831.858	181937.238	509695.986	81478.506	292863.183	29464.685	143946.716	18242.941	88287.567	21837.841	50005.35
1963.817	88216.878	670812.79	130291.321	82898.781	110166.816	136177.829	254831.214	102726.463	152502.263	57876.973	45353.715	13708.389	43213.482	32332.071
94.553	6917.374	243618.641	1144408.8	108022.22	73939.487	68533.705	53098.613	91647.46	20461.642	35213.79	10862.126	13502.848	7305.252	16014.065
1167.769	35589.735	58612.068	347405.309	1067224.702	180474.844	57739.999	18728.566	12367.621	20247.034	9182.09	10150.168	7576.513	4058.436	8040.104
0	362.234	77134.933	148491.086	406831.16	767104.998	121936.992	31977.238	11202.132	8112.693	17685.144	5228.754	6653.234	1347.822	9082.577
0	16705.889	51918.124	82638.435	161493.758	362775.977	481648.022	186012.142	32583.736	14098.593	8438.524	8658.345	4502.948	5928.221	5026.075
1642.234	77851.848	39246.144	107649.409	472667.192	282593.09	252640.554	200068.83	65432.844	14010.332	5934.446	5275.465	3278.374	4446.997	9998.397
220.085	42328.664	85616.473	70923.704	154774.056	697028.577	202038.775	130969.685	107502.479	29113.557	6117.247	6200.07	2439.152	3558.84	5611.305
191.878	9649.623	294436.093	224555.033	102324.72	159704.82	470779.569	130685.88	56328.539	34117.658	3655.915	2267.111	813.723	397.372	1846.686
0	15332.214	80266.571	425831.835	346974.349	105151.561	170382.752	357627.323	85956.499	29457.682	22278.072	5336.222	1340.472	628.371	938.373
0	3084.082	46891.601	154726.845	582562.629	410467.836	135860.797	127004.325	157299.897	58963.253	34428.25	15999.852	5423.645	3709.105	1982.923
896.247	46960.366	108614.984	213379.414	287356.307	602274.72	270186.356	100646.404	86265.325	96759.331	33892.198	15336.596	11015.279	2669.201	1835.449
0	14109.644	408579.708	323481.978	367205.844	307130.698	331247.145	158767.45	49547.88	38445.472	36120.183	22732.501	6770.847	3455.562	3195.196
0	472.747	90113.139	825409.403	483692.605	238969.499	168482.403	155208.607	63231.433	15501.659	18560.982	26774.438	8939.641	6410.677	7628.284
0	4141.053	51083.675	399372.828	859074.438	483457.921	157561.81	68662.806	68321.412	30797.672	9622.546	8925.615	3027.053	2244.074	2795.475
0	9976.618	83181.281	293286.82	615345.939	592562.509	283626.996	109860.035	49506.308	40670.169	16990.443	8261.996	8356.433	4547.565	7080.682
1628.575	16913.693	60498.61	137515.012	388609.222	508735.359	300146.882	139480.685	47584.317	27418.283	24217.691	9501.016	6060.76	2823.288	11372.586
0	25887.483	57572.921	79413.829	148847.773	308393.403	242016.84	149334.438	82517.86	21781.636	18399.442	13973.056	8882.489	2825.066	12828.156
0	1314.583	175885.812	199871.244	82354.686	112946.047	123367.324	104017.576	65932.226	40456.075	23896.423	7607.21	8195.834	3332.554	9010.22
1038.972	27151.579	30847.146	557916.681	220633.757	55007.151	42454.516	56572.318	52871.334	31764.132	15999.889	8793.905	6228.497	4729.513	5530.034
439.07	11410.413	192811.109	115606.251	809474.865	284361.954	64084.643	37701.134	38348.107	40244.483	25274.388	12844.814	1822.819	4088.882	4234.601
0	23705.411	117842.838	943811.884	173671.162	433067.101	139900.66	36952.281	17622.732	14680.593	16212.08	13833.845	7795.157	5916.005	3021.404
1747.78	824.489	65324.891	342119.48	955524.16	195194.904	155881.129	69052.364	20085.844	13334.206	12521.42	11956.744	7948.41	4855.109	5556.129
0	39591.369	31441.3	168628.579	397383.817	752245.708	210304.189	86346.613	29153.561	9015.776	4631.899	4743.565	4481.716	2911.435	6138.456
0	15735.781	633167.118	194789.082	229065.738	385234.109	509395.335	88174.899	42967.285	17223.675	3151.271	2184.992	3342.803	2733.258	1286.352
0	513.811	91701.018	1389711.96	159282.682	175325.335	175485.305	223115.724	34719.37	13155.031	7889.919	455.54	1299.915	757.421	1096.176
0	2023.136469	29837.81109	551446.013	894584.2048	214665.1578	147536.6973	123201.1229	96340.83427	21539.79041	7841.114641	6289.15605	552.8579431	229.381001	142.4888516
# Number  of  survey  or  CPUE  observations                                  
37
# Month survey/cpue happens                                             
7                                             
# SUrvey  years                                         
1982	1983	1984	1985	1986	1987	1988	1989	1990	1991	1992	1993	1994	1995	1996	1997	1998	1999	2000	2001	2002	2003	2004	2005	2006	2007	2008	2009	2010	2011	2012	2013	2014	2015	2016	2017	2018
# Survey  values  1000                                        
4069.210419	8409.192322	6408.68334	8250.365179	6825.572169	7892.194066	11088.28364	9795.795211	11899.77443	7389.523346	6210.927575	7089.352255	7100.03131	9107.058623	4079.746944	5019.416752	3509.910059	5454.721391	7355.106687	5439.751954	6770.722978	13508.10474	5105.803667	6696.467023	3886.151484	6145.11096	3994.328355	2989.696394	5131.69891	3948.603132	4613.87077	6114.896548	10331.24582	8587.401763	6607.636871	6256.373881	4187.423749
# Survey  CV                                          
0.161335911	0.103573031	0.126507454	0.087337328	0.122464352	0.151501492	0.139518279	0.114158709	0.171850615	0.174698742	0.165134314	0.12112747	0.139197451	0.245249131	0.109542277	0.157253276	0.147414266	0.159273358	0.149588791	0.100035947	0.11482915	0.335800236	0.118825558	0.113543772	0.114764188	0.126512525	0.132894406	0.142770794	0.150523936	0.115043282	0.127387327	0.09363713	0.081572433	0.07929002	0.127644904	0.098010912	0.180153881
